[00.00555556 00.00555556 00.00000000 00.00000000 00.00277778 00.00138889 00.00277778 00.00000000 00.00000000 00.00000000 00.00000000 00.00000000 00.00000000 00.00000000 ;
00.00555556 00.00888889 00.00000000 00.00000000 00.00277778 00.00277778 00.00444444 00.00000000 00.00000000 00.00000000 00.00000000 00.00000000 00.00000000 00.00000000 ;
00.00000000 00.00000000 00.00555556 00.00555556 00.00000000 00.00000000 00.00000000 00.00277778 00.00138889 00.00277778 00.00000000 00.00000000 00.00000000 00.00000000 ;
00.00000000 00.00000000 00.00555556 00.00888889 00.00000000 00.00000000 00.00000000 00.00277778 00.00277778 00.00444444 00.00000000 00.00000000 00.00000000 00.00000000 ;
00.00277778 00.00277778 00.00000000 00.00000000 00.01111111 00.00555556 00.01111111 00.00000000 00.00000000 00.00000000 00.00277778 00.00277778 00.00000000 00.00000000 ;
00.00138889 00.00277778 00.00000000 00.00000000 00.00555556 00.01111111 00.01111111 00.00000000 00.00000000 00.00000000 00.00138889 00.00277778 00.00000000 00.00000000 ;
00.00277778 00.00444444 00.00000000 00.00000000 00.01111111 00.01111111 00.01777778 00.00000000 00.00000000 00.00000000 00.00277778 00.00444444 00.00000000 00.00000000 ;
00.00000000 00.00000000 00.00277778 00.00277778 00.00000000 00.00000000 00.00000000 00.01111111 00.00555556 00.01111111 00.00000000 00.00000000 00.00277778 00.00277778 ;
00.00000000 00.00000000 00.00138889 00.00277778 00.00000000 00.00000000 00.00000000 00.00555556 00.01111111 00.01111111 00.00000000 00.00000000 00.00138889 00.00277778 ;
00.00000000 00.00000000 00.00277778 00.00444444 00.00000000 00.00000000 00.00000000 00.01111111 00.01111111 00.01777778 00.00000000 00.00000000 00.00277778 00.00444444 ;
00.00000000 00.00000000 00.00000000 00.00000000 00.00277778 00.00138889 00.00277778 00.00000000 00.00000000 00.00000000 00.00555556 00.00555556 00.00000000 00.00000000 ;
00.00000000 00.00000000 00.00000000 00.00000000 00.00277778 00.00277778 00.00444444 00.00000000 00.00000000 00.00000000 00.00555556 00.00888889 00.00000000 00.00000000 ;
00.00000000 00.00000000 00.00000000 00.00000000 00.00000000 00.00000000 00.00000000 00.00277778 00.00138889 00.00277778 00.00000000 00.00000000 00.00555556 00.00555556 ;
00.00000000 00.00000000 00.00000000 00.00000000 00.00000000 00.00000000 00.00000000 00.00277778 00.00277778 00.00444444 00.00000000 00.00000000 00.00555556 00.00888889 ]